a=	10+4j
a.real=	10
a.imag=	4
a.mag=	10.770329614269
a.phase=	0.38050637711236
a.real=	7.073882691672
a.imag=	7.0682518110537
a.mag=	10
a.phase=	0.785
